/*--------------------------------*- C++ -*----------------------------------*\
  =========                 |
  \\      /  F ield         | OpenFOAM: The Open Source CFD Toolbox
   \\    /   O peration     | Website:  https://openfoam.org
    \\  /    A nd           | Version:  9
     \\/     M anipulation  |
\*---------------------------------------------------------------------------*/
FoamFile
{
    version     2.0;
    format      ascii;
    class       faceSet;
    location    "constant/polyMesh/sets";
    object      internalWalls;
}
// * * * * * * * * * * * * * * * * * * * * * * * * * * * * * * * * * * * * * //


1588
(
12290 
2 
94210 
40963 
5 
8 
11 
73739 
49164 
14 
73742 
17 
8210 
20 
23 
26 
29 
81950 
32 
81953 
4130 
35 
45093 
38 
28712 
41 
44 
53294 
47 
90161 
50 
90164 
53 
32821 
56 
24632 
59 
69693 
62 
69696 
65 
68 
71 
20552 
74 
77 
80 
57424 
77904 
83 
77907 
86 
36951 
16472 
89 
92 
95 
98 
86115 
101 
86118 
12392 
104 
107 
110 
65647 
113 
61554 
65650 
116 
94326 
119 
8312 
41081 
94329 
122 
125 
128 
49282 
73858 
131 
73861 
134 
4232 
137 
140 
28814 
143 
146 
149 
82069 
151 
152 
82072 
45211 
24734 
53412 
90280 
32939 
90283 
20654 
69812 
69815 
16574 
57542 
78023 
78026 
37069 
12494 
86234 
86237 
8414 
65766 
61672 
65769 
94445 
4334 
41199 
94448 
28916 
49400 
73977 
73980 
254 
24836 
82188 
82191 
45329 
20756 
53530 
90399 
33057 
90402 
16676 
69931 
69934 
12596 
57660 
78142 
78145 
37187 
8516 
86353 
4436 
86356 
29018 
65885 
61790 
65888 
356 
94564 
41317 
94567 
24938 
49518 
74096 
74099 
20858 
82307 
82310 
45447 
16778 
53648 
90518 
33175 
90521 
12698 
70050 
70053 
8618 
57778 
78261 
78264 
37305 
4538 
29120 
29122 
29124 
29126 
29128 
86472 
458 
29130 
86475 
29132 
29134 
29136 
25040 
29138 
29140 
61908 
66004 
29142 
66007 
29144 
29146 
41435 
94683 
29148 
29150 
94686 
29152 
20960 
29154 
29156 
49636 
29158 
74215 
29160 
29162 
74218 
29164 
29166 
29168 
16880 
29170 
29172 
29174 
29176 
29178 
82426 
29180 
45565 
82429 
29182 
12800 
29184 
29186 
29188 
29190 
53766 
29192 
29194 
29196 
33293 
90637 
29198 
8720 
29200 
90640 
29202 
29204 
29206 
29208 
70169 
29210 
29212 
70172 
29214 
4640 
29216 
29218 
29220 
29221 
29222 
57896 
29225 
29228 
78380 
37423 
29231 
78383 
560 
29234 
29237 
25142 
29240 
29243 
29246 
86591 
29249 
86594 
29252 
21062 
29255 
29258 
62026 
66123 
29261 
66126 
29264 
41553 
94802 
29267 
94805 
16982 
29270 
29273 
49754 
29276 
74334 
29279 
74337 
29282 
29285 
12902 
29288 
29291 
29294 
29297 
82545 
45683 
29300 
82548 
8822 
29303 
29306 
53884 
29309 
29312 
33411 
29315 
90756 
4742 
29318 
90759 
29321 
29324 
29327 
70288 
29330 
70291 
29333 
662 
29336 
29339 
25244 
29342 
58014 
29345 
78499 
29348 
37541 
78502 
29351 
29354 
21164 
29357 
29360 
29363 
29366 
86710 
29369 
86713 
17084 
29372 
29375 
62144 
29378 
66242 
29381 
66245 
41671 
29384 
94921 
29387 
13004 
94924 
29390 
49872 
29393 
29396 
74453 
29398 
29399 
74456 
8924 
82664 
45801 
82667 
4844 
54002 
111348 
111350 
111352 
33529 
111354 
90875 
764 
111356 
90878 
111358 
111360 
25346 
111362 
111364 
111366 
70407 
111368 
70410 
111370 
111372 
111374 
111376 
21266 
111378 
58132 
111380 
111382 
111384 
78618 
111386 
37659 
111388 
78621 
111390 
111392 
17186 
111394 
111396 
111398 
111400 
111402 
111404 
86829 
111406 
86832 
111408 
13106 
111410 
111412 
62262 
111414 
111416 
66361 
111418 
66364 
111420 
41789 
111422 
95040 
111424 
9026 
111426 
95043 
111428 
49990 
111430 
111432 
111434 
74572 
111436 
29517 
111438 
74575 
111440 
4946 
111442 
111444 
111446 
111447 
45919 
82783 
866 
82786 
25448 
54120 
33647 
90994 
90997 
21368 
70526 
70529 
17288 
58250 
37777 
78737 
78740 
13208 
86948 
86951 
9128 
62380 
66480 
41907 
66483 
95159 
5048 
95162 
50108 
29635 
74691 
74694 
968 
25550 
46037 
82902 
46039 
46041 
82905 
46043 
46045 
21470 
54238 
46047 
46049 
46051 
46053 
33765 
46055 
46057 
91113 
46059 
91116 
46061 
17390 
46063 
46065 
46067 
46069 
70645 
46071 
70648 
46073 
46075 
46077 
13310 
46079 
58368 
46081 
46083 
46085 
46087 
37895 
78856 
46089 
46091 
78859 
46093 
9230 
46095 
46097 
46099 
46101 
46103 
46105 
46107 
87067 
46109 
5150 
87070 
46111 
46113 
62498 
46115 
46117 
46119 
66599 
46121 
42025 
66602 
46123 
46125 
1070 
95278 
46127 
46129 
95281 
50226 
46131 
25652 
46133 
46135 
46137 
29753 
74810 
46139 
46141 
74813 
46143 
46145 
46147 
21572 
46149 
46151 
46153 
46154 
46155 
83021 
46158 
83024 
46161 
17492 
54356 
46164 
46167 
46170 
33883 
46173 
46176 
91232 
46179 
91235 
13412 
46182 
46185 
46188 
70764 
46191 
70767 
46194 
9332 
46197 
58486 
46200 
46203 
38013 
46206 
78975 
46209 
78978 
5252 
46212 
46215 
46218 
46221 
46224 
87186 
46227 
1172 
87189 
46230 
62616 
46233 
25754 
46236 
66718 
42143 
46239 
66721 
46242 
46245 
95397 
50344 
46248 
95400 
21674 
46251 
46254 
29871 
46257 
74929 
46260 
74932 
46263 
17594 
46266 
46269 
46272 
46275 
83140 
46278 
83143 
46281 
13514 
54474 
46284 
46287 
34001 
46290 
46293 
91351 
46296 
9434 
91354 
46299 
46302 
46305 
70883 
46308 
70886 
46311 
5354 
46314 
58604 
46317 
46320 
38131 
46323 
46326 
79094 
46329 
79097 
1274 
46331 
46332 
25856 
87305 
87308 
62734 
21776 
42261 
66837 
66840 
95516 
50462 
95519 
17696 
29989 
75048 
75051 
13616 
83259 
83262 
9536 
54592 
34119 
91470 
5456 
91473 
71002 
71005 
1376 
58722 
25958 
38249 
79213 
79216 
46450 
21878 
87424 
87427 
62852 
17798 
42379 
66956 
66959 
95635 
50580 
13718 
95638 
30107 
75167 
75170 
9638 
83378 
83381 
5558 
54710 
34237 
91589 
1478 
91592 
26060 
71121 
71124 
58840 
21980 
38367 
79332 
79335 
46568 
17900 
87543 
62970 
87546 
13820 
42497 
67075 
67078 
50698 
95754 
9740 
95757 
30225 
75286 
75289 
5660 
83497 
1580 
54828 
83500 
26162 
34355 
63029 
63032 
91708 
91711 
22082 
71240 
71243 
58958 
18002 
38485 
79451 
46686 
79454 
13922 
87662 
87665 
9842 
42615 
67194 
67197 
50816 
95873 
5762 
95876 
30343 
75405 
75408 
1682 
26264 
83616 
54946 
83619 
22184 
34473 
63148 
63151 
91827 
91830 
18104 
71359 
71362 
59076 
14024 
38603 
79570 
46804 
79573 
9944 
87781 
5864 
87784 
42733 
67313 
67316 
50934 
1784 
95992 
95995 
30461 
26366 
75524 
75527 
22286 
83735 
55064 
83738 
18206 
34591 
63267 
63270 
91946 
91949 
14126 
71478 
71481 
59194 
10046 
38721 
79689 
46922 
79692 
5966 
87900 
1886 
87903 
42851 
26468 
67432 
67435 
51052 
96111 
96114 
30579 
22388 
75643 
75646 
18308 
55182 
83854 
83857 
14228 
34709 
63386 
63389 
92065 
10148 
92068 
71597 
59312 
71600 
6068 
38839 
47040 
79808 
79811 
1988 
26570 
88019 
88022 
42969 
22490 
67551 
51170 
67554 
96230 
30697 
96233 
18410 
75762 
75765 
14330 
55300 
83973 
83976 
10250 
34827 
63505 
63508 
92184 
6170 
92187 
71716 
59430 
71719 
2090 
38957 
26672 
47158 
79927 
79929 
79930 
79932 
79934 
22592 
79936 
79938 
79940 
79942 
79944 
79946 
88138 
79948 
88141 
79950 
43087 
18512 
79952 
79954 
79956 
79958 
67670 
51288 
79960 
67673 
79962 
79964 
96349 
79966 
30815 
14432 
79968 
96352 
79970 
79972 
79974 
79976 
75881 
79978 
75884 
79980 
79982 
10352 
79984 
79986 
79988 
79990 
79992 
55418 
79994 
79996 
84092 
79998 
84095 
6272 
80000 
34945 
80002 
80004 
80006 
80008 
63624 
80010 
63627 
80012 
80014 
92303 
2192 
80016 
80018 
92306 
80020 
26774 
80022 
80024 
80026 
71835 
59548 
80028 
71838 
80030 
80032 
80034 
39075 
80036 
22694 
80038 
80040 
80042 
47276 
80044 
80045 
80046 
80049 
18614 
88257 
88260 
43205 
14534 
14536 
14538 
14540 
67789 
14542 
51406 
14544 
67792 
14546 
14548 
96468 
30933 
14550 
10454 
96471 
14552 
14554 
14556 
14558 
14560 
76000 
14562 
76003 
14564 
14566 
6374 
14568 
14570 
14572 
14574 
14576 
55536 
14578 
84211 
14580 
14582 
2294 
84214 
35063 
14584 
14586 
14588 
26876 
14590 
63743 
14592 
14594 
63746 
14596 
14598 
92422 
14600 
92425 
14602 
14604 
22796 
14606 
14608 
14610 
59666 
71954 
14612 
71957 
14614 
14616 
39193 
14618 
14620 
18716 
14622 
14624 
14626 
47394 
14628 
80165 
14630 
14632 
80168 
14634 
14635 
14636 
88376 
43323 
88379 
10556 
51524 
67908 
67911 
31051 
96587 
6476 
96590 
76119 
76122 
2396 
26978 
55654 
84330 
35181 
84333 
22898 
63862 
63865 
92541 
92544 
18818 
59784 
72073 
72076 
39311 
14738 
47512 
80284 
80287 
10658 
88495 
43441 
6578 
88498 
51642 
68027 
68030 
31169 
2498 
96706 
96709 
27080 
76238 
76241 
23000 
55772 
84449 
35299 
84452 
18920 
63981 
63984 
92660 
92663 
14840 
59902 
72192 
72195 
39429 
10760 
47630 
80403 
80406 
6680 
88614 
43559 
2600 
88617 
27182 
51760 
68146 
68149 
31287 
96825 
96828 
23102 
76357 
76360 
19022 
55890 
84568 
35417 
84571 
14942 
64100 
64103 
92779 
10862 
92782 
60020 
72311 
72314 
39547 
6782 
47748 
80522 
80525 
2702 
27284 
43677 
88733 
88736 
23204 
51878 
68265 
68268 
31405 
96944 
96946 
19124 
76476 
76479 
15044 
56008 
35535 
84687 
84690 
10964 
64219 
64222 
92898 
6884 
92901 
60138 
97004 
72430 
39665 
72433 
2804 
27386 
47866 
80641 
80644 
23306 
43795 
88852 
88855 
19226 
51996 
68384 
31523 
68387 
15146 
76595 
76598 
11066 
56126 
35653 
84806 
84809 
6986 
64338 
64341 
93017 
2906 
93020 
27488 
60256 
72549 
39783 
72552 
23408 
47984 
80760 
80763 
19328 
43913 
88971 
88974 
15248 
125841 
52114 
68503 
31641 
68506 
11168 
76714 
76717 
7088 
56244 
35771 
84925 
3008 
84928 
27590 
64457 
64460 
93136 
93139 
23510 
60374 
72668 
39901 
72671 
19430 
48102 
80879 
80882 
15350 
44031 
89090 
89093 
11270 
52232 
68622 
31759 
68625 
7190 
125983 
76833 
76836 
3110 
56362 
27692 
35889 
85044 
85047 
23612 
64576 
64579 
93255 
93258 
19532 
60492 
40019 
72787 
72790 
15452 
48220 
80998 
81001 
11372 
44149 
89209 
7292 
89212 
52350 
31877 
68741 
68744 
3212 
27794 
76952 
76955 
56480 
23714 
36007 
85163 
85166 
126126 
19634 
64695 
64698 
93374 
93377 
15554 
60610 
40137 
72906 
72909 
11474 
48338 
81117 
81120 
7394 
44267 
89328 
3314 
89331 
52468 
27896 
31995 
68860 
68863 
23816 
77071 
77074 
56598 
19736 
36125 
85282 
85285 
15656 
64814 
64817 
93493 
11576 
60728 
93496 
126269 
40255 
73025 
73028 
7496 
48456 
81236 
81239 
3416 
27998 
44385 
89447 
52586 
89450 
23918 
32113 
68979 
68982 
19838 
77190 
77193 
56716 
15758 
36243 
85401 
85404 
11678 
64933 
64936 
93612 
7598 
60846 
93615 
40373 
73144 
73147 
3518 
48574 
28100 
81355 
81358 
24020 
44503 
89566 
52704 
89569 
19940 
32231 
69098 
69101 
15860 
77309 
77312 
56834 
11780 
36361 
85520 
85523 
7700 
65052 
65055 
93731 
3620 
60964 
93734 
28202 
40491 
73263 
73266 
48692 
24122 
81474 
81477 
20042 
44621 
89685 
52822 
89688 
15962 
32349 
69217 
69220 
11882 
77428 
77431 
56952 
7802 
36479 
85639 
3722 
85642 
28304 
65171 
65174 
61082 
93850 
93853 
24224 
40609 
73382 
73385 
48810 
20144 
81593 
81596 
16064 
44739 
52940 
89804 
89807 
11984 
32467 
69336 
69339 
7904 
77547 
57070 
77550 
3824 
36597 
28406 
85758 
85761 
24326 
65290 
65293 
61200 
93969 
93972 
20246 
40727 
73501 
48928 
73504 
16166 
81712 
81715 
12086 
44857 
53058 
89923 
8006 
89926 
32585 
69455 
69458 
3926 
28508 
77666 
57188 
77669 
36715 
24428 
85877 
85880 
20348 
65409 
65412 
61318 
94088 
94091 
16268 
40845 
73620 
49046 
73623 
12188 
81831 
81834 
8108 
44975 
53176 
90042 
4028 
90045 
32703 
28610 
69574 
69577 
24530 
77785 
57306 
77788 
36833 
20450 
85996 
85999 
16370 
65528 
65531 
61436 
94207 
)

// ************************************************************************* //
