/*--------------------------------*- C++ -*----------------------------------*\
  =========                 |
  \\      /  F ield         | OpenFOAM: The Open Source CFD Toolbox
   \\    /   O peration     | Website:  https://openfoam.org
    \\  /    A nd           | Version:  9
     \\/     M anipulation  |
\*---------------------------------------------------------------------------*/
FoamFile
{
    version     2.0;
    format      ascii;
    class       regIOobject;
    location    "constant/polyMesh";
    object      faceZones;
}
// * * * * * * * * * * * * * * * * * * * * * * * * * * * * * * * * * * * * * //

1
(
internalWalls
{
    type faceZone;
faceLabels      List<label> 
1588
(
14536
14538
14540
14542
14544
14546
14548
14550
14552
14554
14556
14558
14560
14562
14564
14566
14568
14570
14572
14574
14576
14578
14580
14582
14584
14586
14588
14590
14592
14594
14596
14598
14600
14602
14604
14606
14608
14610
14612
14614
14616
14618
14620
14622
14624
14626
14628
14630
14632
14634
14636
14635
14534
14432
14330
14228
14126
14024
13922
13820
13718
13616
13514
13412
13310
13208
13106
13004
12902
12800
12698
12596
12494
12392
12290
12188
12086
11984
11882
11780
11678
11576
11474
11372
11270
11168
11066
10964
10862
10760
10658
10556
10454
10352
10250
10148
10046
9944
9842
9740
9638
9536
9434
9332
9230
9128
9026
8924
8822
8720
8618
8516
8414
8312
8210
8108
8006
7904
7802
7700
7598
7496
7394
7292
7190
7088
6986
6884
6782
6680
6578
6476
6374
6272
6170
6068
5966
5864
5762
5660
5558
5456
5354
5252
5150
5048
4946
4844
4742
4640
4538
4436
4334
4232
4130
4028
3926
3824
3722
3620
3518
3416
3314
3212
3110
3008
2906
2804
2702
2600
2498
2396
2294
2192
2090
1988
1886
1784
1682
1580
1478
1376
1274
1172
1070
968
866
764
662
560
458
356
254
152
2
5
8
11
14
17
20
23
26
29
32
35
38
41
44
47
50
53
56
59
62
65
68
71
74
77
80
83
86
89
92
95
98
101
104
107
110
113
116
119
122
125
128
131
134
137
140
143
146
149
151
29122
29124
29126
29128
29130
29132
29134
29136
29138
29140
29142
29144
29146
29148
29150
29152
29154
29156
29158
29160
29162
29164
29166
29168
29170
29172
29174
29176
29178
29180
29182
29184
29186
29188
29190
29192
29194
29196
29198
29200
29202
29204
29206
29208
29210
29212
29214
29216
29218
29220
29222
29221
29120
29018
28916
28814
28712
28610
28508
28406
28304
28202
28100
27998
27896
27794
27692
27590
27488
27386
27284
27182
27080
26978
26876
26774
26672
26570
26468
26366
26264
26162
26060
25958
25856
25754
25652
25550
25448
25346
25244
25142
25040
24938
24836
24734
24632
24530
24428
24326
24224
24122
24020
23918
23816
23714
23612
23510
23408
23306
23204
23102
23000
22898
22796
22694
22592
22490
22388
22286
22184
22082
21980
21878
21776
21674
21572
21470
21368
21266
21164
21062
20960
20858
20756
20654
20552
20450
20348
20246
20144
20042
19940
19838
19736
19634
19532
19430
19328
19226
19124
19022
18920
18818
18716
18614
18512
18410
18308
18206
18104
18002
17900
17798
17696
17594
17492
17390
17288
17186
17084
16982
16880
16778
16676
16574
16472
16370
16268
16166
16064
15962
15860
15758
15656
15554
15452
15350
15248
15146
15044
14942
14840
14738
46039
46041
46043
46045
46047
46049
46051
46053
46055
46057
46059
46061
46063
46065
46067
46069
46071
46073
46075
46077
46079
46081
46083
46085
46087
46089
46091
46093
46095
46097
46099
46101
46103
46105
46107
46109
46111
46113
46115
46117
46119
46121
46123
46125
46127
46129
46131
46133
46135
46137
46139
46141
46143
46145
46147
46149
46151
46153
46154
29399
29517
29635
29753
29871
29989
30107
30225
30343
30461
30579
30697
30815
30933
31051
31169
31287
31405
31523
31641
31759
31877
31995
32113
32231
32349
32467
32585
32703
32821
32939
33057
33175
33293
33411
33529
33647
33765
33883
34001
34119
34237
34355
34473
34591
34709
34827
34945
35063
35181
35299
35417
35535
35653
35771
35889
36007
36125
36243
36361
36479
36597
36715
36833
36951
37069
37187
37305
37423
37541
37659
37777
37895
38013
38131
38249
38367
38485
38603
38721
38839
38957
39075
39193
39311
39429
39547
39665
39783
39901
40019
40137
40255
40373
40491
40609
40727
40845
40963
41081
41199
41317
41435
41553
41671
41789
41907
42025
42143
42261
42379
42497
42615
42733
42851
42969
43087
43205
43323
43441
43559
43677
43795
43913
44031
44149
44267
44385
44503
44621
44739
44857
44975
45093
45211
45329
45447
45565
45683
45801
45919
46037
46155
29225
29228
29231
29234
29237
29240
29243
29246
29249
29252
29255
29258
29261
29264
29267
29270
29273
29276
29279
29282
29285
29288
29291
29294
29297
29300
29303
29306
29309
29312
29315
29318
29321
29324
29327
29330
29333
29336
29339
29342
29345
29348
29351
29354
29357
29360
29363
29366
29369
29372
29375
29378
29381
29384
29387
29390
29393
29396
29398
63029
62970
62852
62734
62616
62498
62380
62262
62144
62026
61908
61790
61672
61554
61436
61318
61200
61082
60964
60846
60728
60610
60492
60374
60256
60138
60020
59902
59784
59666
59548
59430
59312
59194
59076
58958
58840
58722
58604
58486
58368
58250
58132
58014
57896
57778
57660
57542
57424
57306
57188
57070
56952
56834
56716
56598
56480
56362
56244
56126
56008
55890
55772
55654
55536
55418
55300
55182
55064
54946
54828
54710
54592
54474
54356
54238
54120
54002
53884
53766
53648
53530
53412
53294
53176
53058
52940
52822
52704
52586
52468
52350
52232
52114
51996
51878
51760
51642
51524
51406
51288
51170
51052
50934
50816
50698
50580
50462
50344
50226
50108
49990
49872
49754
49636
49518
49400
49282
49164
49046
48928
48810
48692
48574
48456
48338
48220
48102
47984
47866
47748
47630
47512
47394
47276
47158
47040
46922
46804
46686
46568
46450
46332
46158
46161
46164
46167
46170
46173
46176
46179
46182
46185
46188
46191
46194
46197
46200
46203
46206
46209
46212
46215
46218
46221
46224
46227
46230
46233
46236
46239
46242
46245
46248
46251
46254
46257
46260
46263
46266
46269
46272
46275
46278
46281
46284
46287
46290
46293
46296
46299
46302
46305
46308
46311
46314
46317
46320
46323
46326
46329
46331
63032
63151
63270
63389
63508
63627
63746
63865
63984
64103
64222
64341
64460
64579
64698
64817
64936
65055
65174
65293
65412
65531
65650
65769
65888
66007
66126
66245
66364
66483
66602
66721
66840
66959
67078
67197
67316
67435
67554
67673
67792
67911
68030
68149
68268
68387
68506
68625
68744
68863
68982
69101
69220
69339
69458
69577
69696
69815
69934
70053
70172
70291
70410
70529
70648
70767
70886
71005
71124
71243
71362
71481
71600
71719
71838
71957
72076
72195
72314
72433
72552
72671
72790
72909
73028
73147
73266
73385
73504
73623
73742
73861
73980
74099
74218
74337
74456
74575
74694
74813
74932
75051
75170
75289
75408
75527
75646
75765
75884
76003
76122
76241
76360
76479
76598
76717
76836
76955
77074
77193
77312
77431
77550
77669
77788
77907
78026
78145
78264
78383
78502
78621
78740
78859
78978
79097
79216
79335
79454
79573
79692
79811
79930
80045
80044
80042
80040
80038
80036
80034
80032
80030
80028
80026
80024
80022
80020
80018
80016
80014
80012
80010
80008
80006
80004
80002
80000
79998
79996
79994
79992
79990
79988
79986
79984
79982
79980
79978
79976
79974
79972
79970
79968
79966
79964
79962
79960
79958
79956
79954
79952
79950
79948
79946
79944
79942
79940
79938
79936
79934
79932
79929
80046
79927
79808
79689
79570
79451
79332
79213
79094
78975
78856
78737
78618
78499
78380
78261
78142
78023
77904
77785
77666
77547
77428
77309
77190
77071
76952
76833
76714
76595
76476
76357
76238
76119
76000
75881
75762
75643
75524
75405
75286
75167
75048
74929
74810
74691
74572
74453
74334
74215
74096
73977
73858
73739
73620
73501
73382
73263
73144
73025
72906
72787
72668
72549
72430
72311
72192
72073
71954
71835
71716
71597
71478
71359
71240
71121
71002
70883
70764
70645
70526
70407
70288
70169
70050
69931
69812
69693
69574
69455
69336
69217
69098
68979
68860
68741
68622
68503
68384
68265
68146
68027
67908
67789
67670
67551
67432
67313
67194
67075
66956
66837
66718
66599
66480
66361
66242
66123
66004
65885
65766
65647
65528
65409
65290
65171
65052
64933
64814
64695
64576
64457
64338
64219
64100
63981
63862
63743
63624
63505
63386
63267
63148
80049
80168
80287
80406
80525
80644
80763
80882
81001
81120
81239
81358
81477
81596
81715
81834
81953
82072
82191
82310
82429
82548
82667
82786
82905
83024
83143
83262
83381
83500
83619
83738
83857
83976
84095
84214
84333
84452
84571
84690
84809
84928
85047
85166
85285
85404
85523
85642
85761
85880
85999
86118
86237
86356
86475
86594
86713
86832
86951
87070
87189
87308
87427
87546
87665
87784
87903
88022
88141
88260
88379
88498
88617
88736
88855
88974
89093
89212
89331
89450
89569
89688
89807
89926
90045
90164
90283
90402
90521
90640
90759
90878
90997
91116
91235
91354
91473
91592
91711
91830
91949
92068
92187
92306
92425
92544
92663
92782
92901
93020
93139
93258
93377
93496
93615
93734
93853
93972
94091
94210
94329
94448
94567
94686
94805
94924
95043
95162
95281
95400
95519
95638
95757
95876
95995
96114
96233
96352
96471
96590
96709
96828
96946
97004
96944
96825
96706
96587
96468
96349
96230
96111
95992
95873
95754
95635
95516
95397
95278
95159
95040
94921
94802
94683
94564
94445
94326
94207
94088
93969
93850
93731
93612
93493
93374
93255
93136
93017
92898
92779
92660
92541
92422
92303
92184
92065
91946
91827
91708
91589
91470
91351
91232
91113
90994
90875
90756
90637
90518
90399
90280
90161
90042
89923
89804
89685
89566
89447
89328
89209
89090
88971
88852
88733
88614
88495
88376
88257
88138
88019
87900
87781
87662
87543
87424
87305
87186
87067
86948
86829
86710
86591
86472
86353
86234
86115
85996
85877
85758
85639
85520
85401
85282
85163
85044
84925
84806
84687
84568
84449
84330
84211
84092
83973
83854
83735
83616
83497
83378
83259
83140
83021
82902
82783
82664
82545
82426
82307
82188
82069
81950
81831
81712
81593
81474
81355
81236
81117
80998
80879
80760
80641
80522
80403
80284
80165
111447
111446
111444
111442
111440
111438
111436
111434
111432
111430
111428
111426
111424
111422
111420
111418
111416
111414
111412
111410
111408
111406
111404
111402
111400
111398
111396
111394
111392
111390
111388
111386
111384
111382
111380
111378
111376
111374
111372
111370
111368
111366
111364
111362
111360
111358
111356
111354
111352
111350
111348
125841
125983
126126
126269
)
;
flipMap         List<bool> 1588{1};
}
)

// ************************************************************************* //
